T = 306.76373655039754 + 123.82319371911882 - 72.21278465576779
log_xh2o = -6.815224757132044 + 2.6753438532765497 - 3.6394942111826927
R0 = 0.05300381506744102 + 0.009159961839485767 - 0.010267808957985375
log_P_cloudtop = -1.1871439816095088 + 0.7578566315208187 - 1.0215678843179206
Rstar = 0.12159668996192205 + 0.002485360253200647 - 0.0028441287068769194
G = 486.2312546116183 + 40.858376713927214 - 43.2548860090082

log Z for model = 9.1